2.19
2.31
2.44
2.56
2.69
2.80
2.93
3.06
3.18
3.31
3.44
3.56
3.69
3.82
3.95
4.07
4.19
4.32
4.44
4.57
4.69
4.82
4.94
0.07
0.19
0.31
0.44
0.56
0.69
0.81
0.93
1.06
1.18
1.31
1.43
1.55
1.68
1.80
1.92
2.05
2.18
2.30
2.43
2.55
2.68
2.80
2.93
3.05
3.18
3.31
3.44
3.57
3.69
3.82
3.95
4.07
4.20
4.32
4.45
4.58
4.70
4.83
4.95
0.08
0.20
0.33
0.46
0.59
0.72
0.85
0.97
1.09
1.22
1.35
1.47
1.60
1.72
1.85
1.97
2.10
2.22
2.35
2.47
2.60
2.73
2.85
2.97
3.10
3.23
3.35
3.48
3.60
3.73
3.85
3.98
4.10
4.22
4.34
4.47
4.59
4.72
4.85
4.97
0.10
0.22
0.35
0.47
0.60
0.72
0.85
0.97
1.10
1.22
1.35
1.48
1.60
1.73
1.85
1.98
2.10
2.23
2.35
2.48
2.60
2.73
2.86
2.98
3.11
3.24
3.36
3.48
3.61
3.73
3.85
3.98
4.10
4.23
4.36
4.49
4.61
4.73
4.86
4.98
0.10
0.22
0.35
0.47
0.60
0.73
0.86
0.98
1.10
1.23
1.35
1.47
1.60
1.73
1.85
1.97
2.10
2.23
2.35
2.48
2.61
2.73
2.86
2.99
3.12
3.24
3.37
3.50
3.62
3.74
3.87
3.99
4.11
4.24
4.36
4.49
4.62
4.74
4.87
4.99
0.12
0.24
0.37
0.49
0.61
0.74
0.86
0.99
1.11
1.23
1.36
1.48
1.61
1.73
1.86
1.98
2.10
2.23
2.35
2.48
2.60
2.72
2.85
2.98
3.10
3.23
3.36
3.48
3.61
3.73
3.85
3.98
4.10
4.22
4.34
4.47
4.58
4.71
4.83
4.95
0.08
0.20
0.32
0.44
0.57
0.69
0.82
0.94
1.06
1.19
1.32
1.45
1.58
1.70
1.82
1.94
2.06
2.19
2.32
2.44
2.57
2.69
2.82
2.94
3.07
3.19
3.31
3.44
3.56
3.69
3.81
3.94
4.07
4.19
4.32
4.44
4.57
4.69
4.82
4.94
0.07
0.19
0.32
0.44
0.57
0.70
0.83
0.96
1.08
1.21
1.33
1.46
1.58
1.71
1.83
1.96
2.09
2.21
2.34
2.47
2.59
2.72
2.84
2.97
3.09
3.22
3.35
3.47
3.59
3.72
3.84
3.97
4.09
4.22
4.35
4.47
4.60
4.73
4.86
4.99
0.11
0.24
0.37
0.50
0.62
0.75
0.88
1.00
1.13
1.26
1.38
1.51
1.64
1.76
1.88
2.00
2.13
2.26
2.38
2.51
2.64
2.77
2.89
3.02
3.15
3.27
3.39
3.52
3.64
3.76
3.88
4.01
4.14
4.25
4.38
4.50
4.62
4.74
4.86
4.99
0.11
0.24
0.37
0.49
0.62
0.75
0.87
1.00
1.13
1.25
1.38
1.50
1.63
1.75
1.88
2.00
2.13
2.26
2.38
2.51
2.64
2.76
2.89
3.01
3.14
3.26
3.38
3.50
3.63
3.75
3.88
4.01
4.14
4.26
4.39
4.51
4.62
4.74
4.87
4.99
0.12
0.24
0.37
0.50
0.62
0.74
0.87
0.99
1.12
1.24
1.36
1.48
1.60
1.72
1.84
1.97
2.10
2.22
2.34
2.46
2.58
2.71
2.84
2.96
3.09
3.22
3.35
3.47
3.59
3.72
3.84
3.96
4.08
4.21
4.33
4.45
4.57
4.69
4.82
4.95
0.08
0.21
0.33
0.46
0.59
0.72
0.85
0.98
1.10
1.23
1.35
1.47
1.59
1.72
1.84
1.97
2.09
2.22
2.34
2.47
2.60
2.72
2.85
2.97
3.10
3.22
3.33
3.46
3.58
3.71
3.83
3.96
4.08
4.20
4.33
4.46
4.58
4.71
4.83
4.96
0.08
0.21
0.34
0.46
0.58
0.71
0.83
0.95
1.08
1.21
1.33
1.45
1.58
1.70
1.83
1.95
2.08
2.20
2.32
2.44
2.56
2.68
2.80
2.93
3.05
3.17
3.29
3.41
3.54
3.66
3.79
3.91
4.04
4.16
4.29
4.42
4.54
4.66
4.79
4.92
0.04
0.17
0.29
0.42
0.55
0.67
0.80
0.92
1.05
1.18
1.30
1.42
1.55
1.67
1.79
1.92
2.05
2.17
2.30
2.43
2.55
2.68
2.81
2.93
3.06
3.19
3.31
3.44
3.57
3.69
3.82
3.95
4.06
4.18
4.31
4.43
4.55
4.67
4.78
4.90
0.01
0.12
0.23
0.35
0.46
0.59
0.72
0.84
0.96
1.07
1.18
1.29
1.41
1.53
1.66
1.78
1.90
2.02
2.15
2.27
2.39
2.51
2.64
2.76
2.89
3.01
3.12
3.23
3.35
3.47
3.59
3.71
3.83
3.95
4.08
4.19
4.31
4.44
4.56
4.68
4.80
4.93
0.06
0.18
0.30
0.43
0.55
0.67
0.79
0.91
1.03
1.15
1.27
1.39
1.52
1.64
1.76
1.89
2.01
2.13
2.26
2.38
2.50
2.63
2.75
2.87
2.99
3.12
3.24
3.37
3.49
3.62
3.74
3.86
3.99
4.11
4.23
4.35
4.48
4.60
4.73
4.85
4.98
0.11
0.23
0.36
0.48
0.60
0.73
0.85
0.98
1.10
1.22
1.35
1.47
1.59
1.72
1.84
1.97
2.09
2.22
2.35
2.47
2.60
2.72
2.84
2.97
3.09
3.21
3.34
3.46
3.59
3.71
3.83
3.96
4.08
4.20
4.33
4.45
4.58
4.70
4.83
4.95
0.08
0.21
0.34
0.46
0.59
0.71
0.83
0.96
1.08
1.20
1.33
1.45
1.58
1.70
1.82
1.95
2.07
2.20
2.32
2.45
2.57
2.69
2.82
2.95
3.07
3.19
3.32
3.44
3.56
3.68
3.80
3.93
4.05
4.17
4.30
4.42
4.54
4.67
4.79
4.91
0.04
0.16
0.29
0.41
0.54
0.66
0.78
0.90
1.03
1.15
1.28
1.40
1.53
1.65
1.78
1.91
2.04
2.16
2.29
2.40
2.52
2.67
2.79
2.91
3.03
3.16
3.28
3.40
3.53
3.64
3.77
3.89
4.01
4.14
4.26
4.39
4.51
4.64
4.76
4.89
0.01
0.14
0.26
0.39
0.51
0.63
0.76
0.88
1.00
1.13
1.25
1.38
1.50
1.62
1.75
1.87
2.00
2.12
2.25
2.37
2.50
2.62
2.74
2.87
2.99
3.12
3.23
3.36
3.48
3.60
3.73
3.85
3.98
4.10
4.23
4.35
4.48
4.61
4.73
4.86
4.99
0.12
0.24
0.37
0.48
0.61
0.72
0.85
0.96
1.09
1.21
1.33
1.45
1.57
1.69
1.82
1.94
2.07
2.19
2.32
2.44
2.56
2.68
2.80
2.93
3.05
3.17
3.29
3.41
3.53
3.66
3.78
3.90
4.02
4.15
4.27
4.39
4.51
4.64
4.75
4.88
5.00
0.13
0.25
0.37
0.49
0.61
0.73
0.86
0.98
1.11
1.23
1.35
1.48
1.61
1.73
1.85
1.98
2.10
2.22
2.34
2.46
2.58
2.71
2.83
2.96
3.08
3.21
3.32
3.45
3.57
3.70
3.82
3.94
4.07
4.19
4.32
4.44
4.57
4.69
4.81
4.94
0.06
0.19
0.31
0.44
0.56
0.69
0.81
0.94
1.06
1.18
1.30
1.43
1.56
1.68
1.81
1.94
2.06
2.18
2.31
2.43
2.55
2.67
2.79
2.91
3.03
3.15
3.27
3.40
3.52
3.65
3.77
3.90
4.02
4.15
4.28
4.40
4.53
4.66
4.78
4.91
0.04
0.16
0.28
0.40
0.52
0.64
0.77
0.89
1.01
1.14
1.26
1.38
1.51
1.63
1.75
1.88
2.00
2.12
2.25
2.37
2.49
2.62
2.74
2.87
2.99
3.11
3.23
3.35
3.48
3.60
3.73
3.86
3.98
4.11
4.24
4.36
4.49
4.61
4.74
4.87
5.00
0.12
0.24
0.37
0.50
0.62
0.74
0.87
0.99
1.12
1.25
1.37
1.50
1.62
1.75
1.87
1.99
2.11
2.24
2.36
2.48
2.60
2.72
2.85
2.97
3.10
3.22
3.35
3.47
3.59
3.72
3.84
3.96
4.08
4.21
4.33
4.45
4.57
4.70
4.82
4.94
0.07
0.19
0.31
0.44
0.56
0.68
0.81
0.93
1.05
1.17
1.30
1.42
1.55
1.67
1.79
1.92
2.04
2.16
2.28
2.41
2.53
2.65
2.78
2.90
3.02
3.14
3.27
3.39
3.51
3.64
3.76
3.89
4.01
4.14
4.27
4.39
4.52
4.65
4.77
4.89
0.02
0.13
0.26
0.38
0.50
0.62
0.74
0.87
0.99
1.12
1.24
1.37
1.49
1.62
1.74
1.87
1.99
2.12
2.25
2.37
2.49
2.61
2.74
2.87
2.99
3.12
3.24
3.37
3.49
3.62
3.74
3.87
3.99
4.12
4.24
4.36
4.48
4.61
4.73
4.85
4.98
0.10
0.23
0.36
0.48
0.60
0.72
0.85
0.98
1.10
1.22
1.34
1.47
1.59
1.71
1.83
1.95
2.08
2.20
2.33
2.45
2.58
2.70
2.83
2.96
3.08
3.21
3.33
3.46
3.58
3.71
3.83
3.96
4.09
4.21
4.33
4.46
4.58
4.71
4.83
4.95
0.08
0.20
0.32
0.44
0.57
0.69
0.82
0.94
1.06
1.18
1.30
1.42
1.54
1.66
1.79
1.91
2.03
2.16
2.27
2.40
2.52
2.64
2.77
2.89
3.01
3.13
3.26
3.38
3.51
3.63
3.76
3.88
4.00
4.13
4.26
4.38
4.50
4.62
4.73
4.85
4.97
0.08
0.19
0.31
0.42
0.54
0.65
0.77
0.89
1.00
1.12
1.24
1.35
1.47
1.58
1.70
1.83
1.94
2.06
2.17
2.28
2.40
2.52
2.63
2.74
2.86
2.99
3.11
3.23
3.34
3.46
3.59
3.71
3.83
3.95
4.07
4.18
4.31
4.43
4.55
4.66
4.78
4.90
0.02
0.14
0.26
0.38
0.50
0.62
0.73
0.85
0.97
1.09
1.21
1.33
1.45
1.57
1.70
1.81
1.93
2.05
2.17
2.29
2.41
2.53
2.65
2.77
2.90
3.02
3.14
3.27
3.39
3.51
3.63
3.76
3.88
4.00
4.11
4.23
4.34
4.47
4.59
4.72
4.84
4.97
0.09
0.22
0.34
0.46
0.58
0.70
0.82
0.94
1.06
1.18
1.30
1.42
1.54
1.66
1.78
1.90
2.03
2.15
2.27
2.40
2.52
2.64
2.77
2.89
3.02
3.14
3.26
3.38
3.50
3.62
3.75
3.87
3.99
4.11
4.24
4.36
4.48
4.61
4.73
4.85
4.98
0.11
0.23
0.36
0.48
0.60
0.72
0.84
0.97
1.09
1.22
1.34
1.46
1.59
1.71
1.83
1.95
2.08
2.20
2.33
2.45
2.58
2.71
2.83
2.96
3.08
3.20
3.33
3.45
3.57
3.69
3.82
3.93
4.06
4.18
4.30
4.42
4.54
4.67
4.79
4.92
0.05
0.17
0.29
0.40
0.52
0.64
0.76
0.88
1.01
1.13
1.25
1.38
1.50
1.62
1.74
1.87
2.00
2.12
2.25
2.38
2.50
2.63
2.75
2.87
3.00
3.12
3.24
3.36
3.48
3.60
3.72
3.84
3.97
4.09
4.22
4.34
4.47
4.60
4.72
4.85
4.97
0.10
0.22
0.34
0.45
0.57
0.69
0.81
0.93
1.05
1.17
1.29
1.42
1.54
1.66
1.79
1.91
2.03
2.15
2.27
2.40
2.52
2.64
2.76
2.89
3.01
3.13
3.26
3.37
3.49
3.61
3.74
3.86
3.98
4.10
4.22
4.34
4.46
4.58
4.71
4.83
4.96
0.08
0.20
0.32
0.44
0.57
0.69
0.82
0.94
1.06
1.19
1.31
1.43
1.55
1.67
1.79
1.92
2.05
2.17
2.30
2.43
2.55
2.67
2.80
2.93
3.05
3.17
3.29
3.41
3.53
3.65
3.77
3.89
4.01
4.14
4.26
4.39
4.52
4.64
4.77
4.89
0.01
0.13
0.25
0.38
0.50
0.62
0.75
0.88
1.00
1.12
1.23
1.35
1.46
1.58
1.70
1.82
1.93
2.05
2.17
2.29
2.41
2.53
2.65
2.77
2.89
3.02
3.14
3.26
3.38
3.51
3.63
3.75
3.87
4.00
4.11
4.22
4.34
4.46
4.58
4.70
4.82
4.95
0.07
0.20
0.32
0.45
0.57
0.69
0.81
0.93
1.06
1.19
1.31
1.44
1.57
1.69
1.82
1.95
2.07
2.20
2.32
2.45
2.57
2.70
2.82
2.94
3.07
3.19
3.31
3.44
3.56
3.68
3.81
3.93
4.06
4.19
4.31
4.44
4.56
4.68
4.81
4.93
0.05
0.18
0.31
0.44
0.56
0.69
0.81
0.94
1.06
1.19
1.32
1.44
1.57
1.70
1.82
1.95
2.07
2.20
2.32
2.44
2.56
2.68
2.81
2.93
3.06
3.18
3.31
3.44
3.56
3.69
3.82
3.95
4.07
4.20
4.33
4.45
4.58
4.70
4.83
4.95
0.07
0.20
0.32
0.45
0.57
0.70
0.83
0.95
1.07
1.20
1.32
1.45
1.58
1.71
1.83
1.96
2.08
2.21
2.34
2.47
2.60
2.72
2.84
2.96
3.08
3.20
3.33
3.46
3.58
3.70
3.82
3.95
4.07
4.20
4.33
4.45
4.58
4.69
4.82
4.94
0.07
0.20
0.32
0.45
0.57
0.70
0.82
0.95
1.07
1.20
1.33
1.46
1.58
1.71
1.84
1.96
2.09
2.21
2.34
2.47
2.60
2.72
2.85
2.97
3.09
3.22
3.35
3.47
3.60
3.73
3.86
3.98
4.11
4.24
4.37
4.50
4.62
4.75
4.87
5.00
0.12
0.24
0.37
0.49
0.62
0.74
0.86
0.99
1.11
1.23
1.36
1.48
1.60
1.72
1.84
1.97
2.09
2.22
2.35
2.47
2.59
2.71
2.84
2.96
3.08
3.21
3.34
3.46
3.58
3.71
3.83
3.95
4.08
4.20
4.33
4.45
4.58
4.71
4.83
4.96
0.09
0.21
0.34
0.46
0.58
0.70
0.83
0.95
1.07
1.19
1.31
1.43
1.56
1.68
1.81
1.93
2.05
2.18
2.30
2.43
2.55
2.67
2.80
2.92
3.04
3.17
3.29
3.42
3.54
3.66
3.79
3.91
4.03
4.15
4.27
4.40
4.52
4.64
4.76
4.88
0.01
0.13
0.26
0.38
0.50
0.62
0.73
0.85
0.98
1.10
1.23
1.35
1.48
1.60
1.73
1.85
1.98
2.10
2.22
2.34
2.47
2.59
2.71
2.83
2.96
3.08
3.21
3.33
3.46
3.58
3.71
3.83
3.96
4.08
4.20
4.32
4.45
4.57
4.69
4.82
4.94
0.07
0.19
0.32
0.44
0.56
0.67
0.78
0.90
1.01
1.13
1.25
1.38
1.50
1.61
1.72
1.84
1.95
2.07
2.19
2.31
2.42
2.54
2.65
2.76
2.88
3.00
3.12
3.24
3.35
3.47
3.60
3.73
3.85
3.97
4.10
4.22
4.35
4.47
4.59
4.72
4.84
4.96
0.08
0.20
0.33
0.46
0.58
0.71
0.82
0.95
1.07
1.20
1.32
1.45
1.57
1.69
1.82
1.93
2.05
2.17
2.30
2.42
2.54
2.67
2.80
2.92
3.04
3.17
3.29
3.42
3.54
3.67
3.79
3.91
4.03
4.16
4.28
4.41
4.53
4.66
4.78
4.90
0.02
0.14
0.26
0.38
0.50
0.63
0.75
0.88
1.01
1.13
1.26
1.38
1.51
1.63
1.75
1.87
2.00
2.12
2.24
2.36
2.48
2.60
2.73
2.85
2.97
3.10
3.22
3.35
3.48
3.60
3.73
3.85
3.98
4.10
4.22
4.34
4.46
4.58
4.71
4.83
4.95
0.07
0.19
0.31
0.44
0.56
0.68
0.81
0.93
1.06
1.19
1.32
1.44
1.57
1.70
1.82
1.94
2.06
2.18
2.31
2.43
2.56
2.68
2.80
2.93
3.05
3.18
3.30
3.42
3.54
3.69
3.81
3.93
4.05
4.17
4.29
4.41
4.53
4.65
4.78
4.90
0.03
0.15
0.28
0.40
0.53
0.65
0.78
0.90
1.03
1.15
1.28
1.40
1.53
1.64
1.77
1.89
2.02
2.14
2.26
2.39
2.51
2.63
2.76
2.89
3.02
3.14
3.27
3.40
3.53
3.65
3.77
3.89
4.02
4.15
4.28
4.40
4.52
4.65
4.77
4.90
0.02
0.14
0.27
0.39
0.52
0.64
0.77
0.89
1.02
1.14
1.27
1.39
1.52
1.64
1.76
1.88
2.01
2.14
2.26
2.38
2.50
2.62
2.74
2.87
2.99
3.12
3.24
3.36
3.49
3.61
3.74
3.86
3.99
4.11
4.24
4.36
4.48
4.61
4.73
4.86
4.99
0.11
0.23
0.36
0.49
0.62
0.74
0.87
1.00
1.13
1.25
1.38
1.50
1.63
1.75
1.88
2.00
2.13
2.25
2.38
2.50
2.63
2.75
2.87
3.00
3.12
3.25
3.38
3.50
3.63
3.75
3.88
4.01
4.14
4.26
4.39
4.51
4.63
4.76
4.88
0.01
0.13
0.26
0.39
0.51
0.64
0.76
0.88
1.01
1.13
1.26
1.38
1.51
1.63
1.76
1.88
2.01
2.14
2.26
2.38
2.51
2.63
2.76
2.88
3.01
3.14
3.26
3.39
3.51
3.63
3.76
3.89
4.02
4.15
4.27
4.39
4.52
4.64
4.77
4.89
0.02
0.14
0.27
0.39
0.52
0.64
0.77
0.90
1.02
1.15
1.27
1.39
1.52
1.64
1.77
1.89
2.01
2.14
2.27
2.39
2.52
2.65
2.77
2.90
3.02
3.14
3.27
3.39
3.51
3.64
3.77
3.89
4.02
4.15
4.28
4.40
4.52
4.65
4.78
4.91
0.03
0.16
0.28
0.41
0.53
0.66
0.79
0.91
1.04
1.17
1.29
1.42
1.54
1.67
1.80
1.92
2.05
2.18
2.31
2.43
2.56
2.68
2.81
2.93
3.05
3.18
3.30
3.42
3.55
3.67
3.80
3.92
4.05
4.17
4.30
4.42
4.55
4.67
4.79
4.92
0.03
0.15
0.28
0.40
0.53
0.66
0.78
0.91
1.03
1.15
1.27
1.39
1.52
1.64
1.77
1.89
2.01
2.14
2.26
2.38
2.51
2.64
2.77
2.90
3.02
3.15
3.27
3.39
3.52
3.65
3.78
3.90
4.03
4.16
4.28
4.41
4.53
4.65
4.78
4.91
0.03
0.16
0.28
0.40
0.53
0.66
0.78
0.91
1.04
1.16
1.28
1.40
1.53
1.65
1.78
1.91
2.03
2.16
2.29
2.42
2.55
2.67
2.80
2.93
3.05
3.18
3.30
3.42
3.55
3.67
3.80
3.92
4.05
4.17
4.29
4.42
4.54
4.66
4.79
4.92
0.04
0.17
0.29
0.42
0.54
0.67
0.79
0.92
1.05
1.17
1.30
1.42
1.55
1.67
1.80
1.93
2.05
2.18
2.31
2.43
2.56
2.69
2.82
2.94
3.07
3.19
3.31
3.44
3.56
3.69
3.81
3.94
4.07
4.19
4.31
4.43
4.56
4.69
4.81
4.94
0.06
0.19
0.31
0.44
0.56
0.69
0.81
0.94
1.06
1.18
1.31
1.44
1.56
1.69
1.81
1.94
2.07
2.19
2.32
2.45
2.57
2.70
2.81
2.93
3.05
3.17
3.30
3.42
3.54
3.67
3.80
3.92
4.05
4.17
4.30
4.42
4.55
4.68
4.80
4.93
0.06
0.18
0.31
0.44
0.56
0.69
0.82
0.94
1.07
1.19
1.32
1.44
1.56
1.69
1.82
1.94
2.07
2.19
2.32
2.45
2.57
2.70
2.82
2.95
3.07
3.20
3.32
3.45
3.57
3.70
3.83
3.95
4.07
4.19
4.32
4.44
4.57
4.70
4.83
4.96
0.08
0.21
0.34
0.46
0.58
0.71
0.84
0.97
1.08
1.21
1.33
1.46
1.58
1.70
1.82
1.95
2.07
2.20
2.32
2.44
2.57
2.69
2.82
2.94
3.06
3.19
3.31
3.44
3.56
3.69
3.81
3.93
4.06
4.18
4.31
4.43
4.56
4.68
4.81
4.94
0.07
0.19
0.31
0.44
0.56
0.68
0.81
0.94
1.06
1.19
1.31
1.43
1.55
1.68
1.80
1.93
2.05
2.18
2.31
2.44
2.57
2.69
2.82
2.94
3.06
3.19
3.31
3.44
3.57
3.69
3.82
3.94
4.06
4.18
4.30
4.43
4.56
4.68
4.81
4.93
0.06
0.19
0.31
0.44
0.57
0.69
0.82
0.95
1.07
1.20
1.31
1.44
1.56
1.68
1.81
1.93
2.05
2.17
2.29
2.42
2.54
2.66
2.78
2.90
3.02
3.14
3.27
3.39
3.52
3.65
3.77
3.89
4.01
4.14
4.27
4.39
4.52
4.65
4.77
4.90
0.02
0.15
0.27
0.40
0.53
0.65
0.78
0.90
1.02
1.15
1.27
1.39
1.52
1.65
1.77
1.89
2.02
2.15
2.27
2.39
2.51
2.63
2.75
2.86
2.99
3.11
3.23
3.35
3.48
3.61
3.73
3.86
3.98
4.11
4.23
4.36
4.48
4.61
4.73
4.85
4.98
0.10
0.22
0.34
0.46
0.59
0.70
0.83
0.95
1.07
1.19
1.31
1.44
1.56
1.69
1.81
1.94
2.07
2.19
2.32
2.44
2.57
2.69
2.81
2.94
3.05
3.17
3.29
3.42
3.54
3.66
3.79
3.91
4.03
4.15
4.28
4.41
4.53
4.66
4.79
4.91
0.04
0.16
0.28
0.41
0.53
0.65
0.77
0.89
1.01
1.13
1.25
1.37
1.48
1.61
1.73
1.86
1.98
2.10
2.23
2.36
2.48
2.61
2.73
2.85
2.98
3.10
3.22
3.34
3.47
3.59
3.71
3.83
3.95
4.07
4.20
4.32
4.44
4.56
4.68
4.80
4.92
0.05
0.17
0.30
0.42
0.54
0.66
0.79
0.91
1.03
1.16
1.28
1.41
1.54
1.66
1.79
1.91
2.04
2.16
2.29
2.41
2.54
2.66
2.79
2.91
3.04
3.16
3.28
3.41
3.53
3.66
3.78
3.90
4.02
4.14
4.26
4.39
4.51
4.64
4.76
4.89
0.01
0.14
0.26
0.39
0.51
0.63
0.75
0.88
1.00
1.12
1.25
1.37
1.50
1.62
1.75
1.87
2.00
2.12
2.25
2.37
2.50
2.62
2.75
2.88
3.00
3.13
3.25
3.37
3.50
3.62
3.75
3.88
4.00
4.13
4.25
4.38
4.50
4.62
4.75
4.87
4.99
0.11
0.24
0.36
0.48
0.60
0.72
0.84
0.97
1.09
1.22
1.34
1.46
1.59
1.71
1.84
1.95
2.07
2.19
2.31
2.43
2.56
2.69
2.81
2.94
3.06
3.19
3.32
3.45
3.57
3.70
3.82
3.95
4.08
4.21
4.34
4.47
4.59
4.72
4.85
4.97
0.10
0.23
0.35
0.48
0.60
0.72
0.85
0.97
1.10
1.23
1.35
1.48
1.60
1.73
1.86
1.99
2.11
2.24
2.36
2.49
2.62
2.74
2.87
2.99
3.12
3.25
3.38
3.50
3.63
3.75
3.88
4.01
4.13
4.26
4.39
4.52
4.65
4.77
4.89
0.02
0.14
0.27
0.39
0.51
0.63
0.76
0.88
1.00
1.13
1.25
1.38
1.50
1.63
1.76
1.88
2.01
2.14
2.26
2.38
2.51
2.63
2.76
2.88
3.01
3.13
3.26
3.38
3.51
3.63
3.76
3.88
4.01
4.13
4.26
4.39
4.51
4.63
4.76
4.87
4.99
0.11
0.24
0.37
0.49
0.61
0.74
0.86
0.98
1.10
1.22
1.35
1.48
1.60
1.73
1.85
1.98
2.10
2.22
2.35
2.47
2.60
2.73
2.86
2.98
3.11
3.23
3.35
3.47
3.60
3.73
3.85
3.98
4.11
4.24
4.36
4.48
4.60
4.72
4.85
4.97
0.10
0.22
0.34
0.47
0.59
0.71
0.83
0.96
1.08
1.21
1.34
1.46
1.59
1.72
1.84
1.97
2.10
2.22
2.35
2.48
2.60
2.73
2.85
2.98
3.10
3.22
3.34
3.47
3.60
3.72
3.85
3.98
4.10
4.23
4.36
4.48
4.60
4.72
4.84
4.97
0.09
0.21
0.34
0.46
0.59
0.71
0.83
0.95
1.07
1.20
1.32
1.45
1.57
1.70
1.82
1.95
2.07
2.20
2.32
2.45
2.57
2.69
2.81
2.93
3.06
3.18
3.31
3.43
3.56
3.69
3.81
3.94
4.06
4.18
4.31
4.43
4.56
4.68
4.81
4.94
0.06
0.18
0.31
0.43
0.56
0.68
0.81
0.93
1.06
1.18
1.31
1.43
1.56
1.69
1.81
1.93
2.06
2.18
2.31
2.44
2.57
2.69
2.82
2.94
3.07
3.19
3.32
3.45
3.57
3.70
3.82
3.95
4.08
4.20
4.33
4.46
4.58
4.71
4.83
4.95
0.08
0.20
0.32
0.45
0.57
0.69
0.81
0.94
1.07
1.19
1.32
1.44
1.57
1.69
1.81
1.94
2.06
2.19
2.32
2.44
2.57
2.69
2.81
2.93
3.06
3.19
3.31
3.44
3.55
3.66
3.78
3.89
4.00
4.12
4.23
4.35
4.47
4.60
4.73
4.84
4.96
0.07
0.18
0.30
0.41
0.53
0.66
0.78
0.89
1.01
1.13
1.24
1.37
1.49
1.61
1.73
1.85
1.97
2.10
2.22
2.34
2.46
2.58
2.70
2.83
2.94
3.06
3.18
3.29
3.41
3.54
3.66
3.78
3.91
4.03
4.16
4.27
4.39
4.51
4.64
4.76
4.89
0.01
0.14
0.26
0.39
0.52
0.63
0.76
0.88
1.01
1.13
1.26
1.38
1.51
1.63
1.76
1.88
2.00
2.13
2.25
2.38
2.50
2.62
2.74
2.87
2.99
3.11
3.24
3.36
3.49
3.61
3.74
3.86
3.99
4.11
4.24
4.36
4.49
4.61
4.73
4.85
4.97
0.08
0.21
0.33
0.45
0.56
0.68
0.80
0.92
1.04
1.16
1.28
1.40
1.53
1.65
1.77
1.90
2.02
2.14
2.26
2.39
2.51
2.63
2.75
2.88
3.00
3.12
3.25
3.37
3.49
3.62
3.74
3.87
4.00
4.12
4.25
4.37
4.49
4.62
4.74
4.86
4.99
0.11
0.24
0.36
0.49
0.61
0.73
0.86
0.98
1.11
1.23
1.35
1.48
1.61
1.74
1.86
1.99
2.11
2.24
2.36
2.48
2.60
2.72
2.85
2.98
3.10
3.23
3.35
3.48
3.60
3.73
3.85
3.97
4.09
4.21
4.33
4.45
4.57
4.70
4.81
4.93
0.04
0.16
0.29
0.41
0.53
0.66
0.78
0.91
1.03
1.14
1.25
1.36
1.47
1.59
1.70
1.82
1.93
2.03
2.14
2.25
2.37
2.49
2.61
2.72
2.83
2.95
3.06
3.17
3.29
3.40
3.52
3.63
3.74
3.86
3.97
4.09
4.20
4.32
4.44
4.54
4.64
4.74
4.85
4.97
0.09
0.21
0.33
0.46
0.58
0.71
0.83
0.95
1.07
1.19
1.31
1.43
1.55
1.67
1.79
1.92
2.03
2.15
2.26
2.36
2.46
2.58
2.70
2.83
2.95
3.07
3.19
3.31
3.42
3.54
3.66
3.78
3.90
4.01
4.13
4.25
4.36
4.49
4.61
4.73
4.85
4.98
0.10
0.22
0.34
0.47
0.59
0.71
0.83
0.95
1.07